0.0213747000
0.0424343000
0.0624952000
0.0831099000
0.1047603000
0.1252564000
0.1533163000
0.1740806000
0.1948155000
0.2149436000
0.2353696000
0.2552554000
0.2742626000
0.2980065000
0.3185205000
0.3386026000
0.3580700000
0.3771220000
0.3983607000
0.4395298000
0.4699150000
0.4907633000
0.5117132000
0.5315205000
0.5530162000
0.5730344000
0.5925541000
0.6135668000
0.6341064000
0.6536831000
0.6721673000
0.6918231000
0.7096778000
0.7282270000
0.7469898000
0.7648073000
0.7832114000
0.8012606000
0.8198728000
0.8381968000
0.8560363000
0.8751832000
0.8937015000
0.9119404000
0.9309844000
0.9498826000
0.9687506000
0.9883245000
1.0086388000
1.0272085000
1.0458544000
1.0639032000
1.0830215000
1.1047578000
1.1374336000
1.1657676000
1.1879570000
1.2070307000
1.2247181000
1.2429834000
1.2614059000
1.2820972000
1.3039543000
1.3218807000
1.3402883000
1.3592194000
1.3774375000
1.3975570000
1.4170439000
1.4364070000
1.4546151000
1.4729720000
1.4919705000
1.5106338000
1.5287780000
1.5470916000
1.5663684000
1.5844639000
1.6035768000
1.6221125000
1.6407114000
1.6596033000
1.6781405000
1.7187936000
1.7474023000
1.7680822000
1.7870134000
1.8067464000
1.8263013000
1.8459849000
1.8654233000
1.8848814000
1.9044288000
1.9236860000
1.9423788000
1.9607789000
1.9837563000
2.0026482000
2.0215384000
2.0405580000
2.0586313000
2.0767638000
2.0958900000
2.1154479000
2.1351673000
2.1543368000
2.1737103000
2.1930197000
2.2116168000
2.2295980000
2.2485865000
2.2667564000
2.2852161000
2.3046588000
2.3233131000
2.3418419000
2.3606310000
2.3795476000
2.3979174000
2.4167372000
2.4365191000
2.4606162000
2.4808713000
2.5005433000
2.5228641000
2.5420965000
2.5606987000
2.5787062000
2.5975688000
2.6164449000
2.6377579000
2.6568492000
2.6754628000
2.6947001000
2.7134193000
2.7331644000
2.7530705000
2.7736329000
2.7919772000
2.8110322000
2.8301299000
2.8485478000
2.8953261000
2.9224629000
2.9479384000
2.9700668000
2.9897075000
3.0101762000
3.0291522000
3.0496994000
3.0686689000
3.0879851000
3.1061745000
3.1258605000
3.1454458000
3.1640624000
3.1822896000
3.2019124000
3.2215541000
3.2411963000
3.2597544000
3.2784771000
3.2972236000
3.3158203000
3.3341221000
3.3531017000
3.3719069000
3.3901972000
3.4093472000
3.4295819000
3.4493047000
3.4673669000
3.4861826000
3.5056433000
3.5240131000
3.5419927000
3.5606821000
3.5789835000
3.5978418000
3.6173662000
3.6361367000
3.6554431000
3.6739440000
3.6931498000
3.7126793000
3.7307770000
3.7570879000
3.7767995000
3.7969175000
3.8161372000
3.8339127000
3.8531178000
3.8719425000
3.8902897000
3.9096979000
3.9288113000
3.9482590000
3.9673315000
3.9873886000
4.0063152000
4.0253134000
4.0431016000
4.0620802000
4.0813581000
4.1005425000
4.1186723000
4.1653356000
4.1943814000
4.2154526000
4.2354009000
4.2563351000
4.2758449000
4.2953780000
4.3147469000
4.3349306000
4.3549406000
4.3757500000
4.3953659000
4.4143491000
4.4322679000
4.4512023000
4.4703718000
4.4888738000
4.5078689000
4.5264167000
4.5444793000
4.5625163000
4.5809415000
4.5993567000
4.6184729000
4.6395875000
4.6589841000
4.6776537000
4.6959475000
4.7161591000
4.7355293000
4.7540879000
4.7724565000
4.7917612000
4.8100491000
4.8279448000
4.8474258000
4.8672589000
4.8865971000
4.9048155000
4.9241349000
4.9429215000
4.9615205000
4.9803809000
4.9989656000
5.0179727000
5.0360551000
5.0542009000
5.0722804000
5.0926471000
5.1158841000
5.1360190000
5.1540404000
5.1733564000
5.1924973000
5.2120342000
5.2308177000
5.2503085000
5.2693745000
5.2882160000
5.3170330000
5.3350133000
5.3543725000
5.3737817000
5.3936156000
5.4138661000
5.4319727000
5.4691477000
5.5065129000
5.5297811000
5.5499494000
5.5696659000
5.5906103000
5.6104849000
5.6307704000
5.6498296000
5.6678710000
5.6872225000
5.7067488000
5.7256876000
5.7455392000
5.7641904000
5.7839765000
5.8040191000
5.8236712000
5.8437628000
5.8626244000
5.8827773000
5.9025620000
5.9217691000
5.9403833000
5.9585647000
5.9777154000
5.9973694000
6.0157489000
6.0345873000
6.0531076000
6.0706727000
6.0901662000
6.1109117000
6.1314875000
6.1509329000
6.1708963000
6.1891435000
6.2078609000
6.2273899000
6.2459835000
6.2642433000
6.2845346000
6.3031987000
6.3226417000
6.3405607000
6.3593154000
6.3796928000
6.3986441000
6.4168154000
6.4351072000
6.4535101000
6.4723505000
6.4909299000
6.5099047000
6.5287474000
6.5477095000
6.5666796000
6.5847058000
6.6030152000
6.6219085000
6.6410129000
6.6595507000
6.6792320000
6.6975057000
6.7158598000
6.7355039000
6.7537706000
6.7728943000
6.7907860000
6.8374364000
6.8622198000
6.8801166000
6.9013733000
6.9237060000
6.9457392000
6.9682434000
6.9877894000
7.0079583000
7.0288695000
7.0482689000
7.0671574000
7.0862674000
7.1045039000
7.1251200000
7.1438269000
7.1633968000
7.1818143000
7.2003445000
7.2200019000
7.2390459000
7.2580300000
7.2776618000
7.2978427000
7.3179321000
7.3374689000
7.3567713000
7.3769564000
7.3962514000
7.4140956000
7.4311771000
7.4495224000
7.4690397000
7.4871765000
7.5061615000
7.5289107000
7.5479179000
7.5663109000
7.5862840000
7.6050777000
7.6244928000
7.6444482000
7.6635590000
7.6867939000
7.7088605000
7.7321307000
7.7518289000
7.7714256000
7.7940589000
7.8154768000
7.8367567000
7.8582783000
7.8790234000
7.8977613000
7.9149463000
7.9526098000
7.9860306000
8.0058777000
8.0267018000
8.0467589000
8.0665057000
8.0866701000
8.1081196000
8.1296272000
8.1474271000
8.1657616000
8.1851125000
8.2033489000
8.2219323000
8.2412373000
8.2600930000
8.2790737000
8.3004863000
8.3208421000
8.3421618000
8.3633290000
8.3829357000
8.4021469000
8.4220952000
8.4397393000
8.4570689000
8.4751145000
8.4930121000
8.5132748000
8.5327803000
8.5508409000
8.5721503000
8.5920320000
8.6108424000
8.6305370000
8.6503177000
8.6682174000
8.6861175000
8.7048373000
8.7218352000
8.7420349000
8.7609952000
8.7789797000
8.7972561000
8.8162343000
8.8369189000
8.8551136000
8.8744043000
8.8957134000
8.9151447000
8.9327402000
8.9507777000
8.9691500000
8.9869843000
9.0054593000
9.0245102000
9.0426262000
9.0618538000
9.0850396000
9.1044879000
9.1572483000
9.1855250000
9.2101714000
9.2342003000
9.2543716000
9.2746231000
9.2979120000
9.3194179000
9.3396917000
9.3608289000
9.3810989000
9.4014646000
9.4207872000
9.4383979000
9.4566585000
9.4767989000
9.4976117000
9.5157614000
9.5343209000
9.5530404000
9.5716913000
9.5894684000
9.6083662000
9.6265427000
9.6451590000
9.6633726000
9.6832753000
9.7030319000
9.7208996000
9.7401731000
9.7597700000
9.7775452000
9.7952345000
9.8126544000
9.8315315000
9.8525315000
9.8710460000
9.8894387000
9.9088777000
9.9267148000
9.9440084000
9.9615398000
9.9789215000
9.9976859000
10.0191540000
10.0390249000
10.0565151000
10.0747588000
10.0948375000
10.1122741000
10.1325354000
10.1518102000
10.1703201000
10.1899486000
10.2086579000
10.2266681000
10.2642029000
10.2919445000
10.3176015000
10.3384895000
10.3571459000
10.3770263000
10.3979400000
10.4168532000
10.4364152000
10.4550621000
10.4728356000
10.4917039000
10.5118348000
10.5312079000
10.5488505000
10.5667440000
10.5863692000
10.6040803000
10.6232576000
10.6426878000
10.6599616000
10.6795507000
10.6982905000
10.7160154000
10.7354380000
10.7543840000
10.7737169000
10.7922995000
10.8108941000
10.8306333000
10.8507853000
10.8708270000
10.8905510000
10.9095631000
10.9291975000
10.9480450000
10.9658662000
10.9851748000
11.0041051000
11.0220559000
11.0409136000
11.0590051000
11.0770714000
11.0960445000
11.1144223000
11.1333205000
11.1512936000
11.1691605000
11.1883599000
11.2068824000
11.2256471000
11.2439847000
11.2623466000
11.2829345000
11.3018159000
11.3197163000
11.3392143000
11.3577181000
11.3766234000
11.4241127000
11.4525087000
11.4738888000
11.4961340000
11.5169023000
11.5385826000
11.5603062000
11.5798055000
11.6012661000
11.6225295000
11.6424636000
11.6611678000
11.6817804000
11.7012972000
11.7197851000
11.7380765000
11.7560007000
11.7742652000
11.7937199000
11.8129173000
11.8312762000
11.8498441000
11.8679343000
11.8876633000
11.9071597000
11.9276220000
11.9481160000
11.9665371000
11.9872400000
12.0057691000
12.0249508000
12.0445956000
12.0629309000
12.0818892000
12.0998682000
12.1177085000
12.1378621000
12.1565323000
12.1771934000
12.1975828000
12.2154618000
12.2343028000
12.2528727000
12.2709858000
12.2910413000
12.3096500000
12.3290596000
12.3480390000
12.3673856000
12.3870172000
12.4059528000
12.4265045000
12.4461286000
12.4646083000
12.4831952000
12.5008410000
12.5204685000
12.5409501000
12.5598703000
12.5797002000
12.5994294000
12.6178241000
12.6553366000
12.6906757000
12.7123634000
12.7338304000
12.7568143000
12.7778326000
12.7970452000
12.8169616000
12.8370722000
12.8563196000
12.8771675000
12.8980547000
12.9185892000
12.9370318000
12.9553603000
12.9744824000
12.9935743000
13.0132462000
13.0346619000
13.0553785000
13.0786955000
13.1003521000
13.1194813000
13.1393839000
13.1588514000
13.1773309000
13.1972666000
13.2171634000
13.2360091000
13.2570125000
13.2762184000
13.2966934000
13.3159207000
13.3364287000
13.3568515000
13.3751446000
13.3947869000
13.4150400000
13.4334806000
13.4521628000
13.4709326000
13.4893252000
13.5102438000
13.5285688000
13.5481692000
13.5668392000
13.5855149000
13.6067631000
13.6257038000
13.6441369000
13.6625209000
13.6811402000
13.6997881000
13.7183046000
13.7652258000
13.7912340000
13.8151103000
13.8373927000
13.8588068000
13.8810541000
13.9027946000
13.9254266000
13.9467373000
13.9697793000
13.9934576000
14.0180136000
14.0391597000
14.0607181000
14.0816059000
14.1005682000
14.1208607000
14.1389779000
14.1593330000
14.1791430000
14.1991652000
14.2172298000
14.2346563000
14.2539487000
14.2720593000
14.2924340000
14.3120987000
14.3308264000
14.3506841000
14.3714149000
14.3918666000
14.4170673000
14.4372409000
14.4599016000
14.4800825000
14.5013952000
14.5220909000
14.5420905000
14.5633900000
14.5858410000
14.6124181000
14.6376099000
14.6574308000
14.6779248000
14.6975862000
14.7179772000
14.7388945000
14.7608131000
14.7797002000
14.7974786000
14.8154060000
14.8356969000
14.8799318000
14.9073513000
14.9335311000
14.9574412000
14.9784978000
15.0013322000
15.0240201000
15.0455098000
15.0701010000
15.0939542000
15.1174113000
15.1424983000
15.1648071000
15.1871607000
15.2155564000
15.2391770000
15.2576226000
15.2789010000
15.3011667000
15.3221688000
15.3415993000
15.3629695000
15.3841715000
15.4047785000
15.4259228000
15.4473013000
15.4670977000
15.4887801000
15.5092575000
15.5307505000
15.5513056000
15.5726674000
15.5934331000
15.6147853000
15.6340318000
15.6587527000
15.6816344000
15.7010982000
15.7201639000
15.7429937000
15.7638758000
15.7855437000
15.8063075000
15.8263023000
15.8459293000
15.8649131000
15.8857306000
15.9057135000
15.9255408000
15.9473715000
15.9675013000
15.9923760000
16.0114756000
16.0536954000
16.0819683000
16.1105102000
16.1344563000
16.1564095000
16.1783761000
16.1998223000
16.2224871000
16.2444741000
16.2660552000
16.2872695000
16.3098698000
16.3324777000
16.3520160000
16.3719385000
16.3907824000
16.4093564000
16.4290027000
16.4488673000
16.4671852000
16.4883499000
16.5078560000
16.5268284000
16.5453784000
16.5626368000
16.5808626000
16.5986688000
16.6159078000
16.6356178000
16.6545565000
16.6721777000
16.6921704000
16.7110056000
16.7290699000
16.7477873000
16.7690200000
16.7914211000
16.8141094000
16.8359389000
16.8571048000
16.8779508000
16.8994407000
16.9198735000
16.9409647000
16.9641693000
16.9855391000
17.0075675000
17.0303434000
17.0513232000
17.0727870000
17.0941617000
17.1133793000
17.1313513000
17.1502053000
17.1692936000
17.1872304000
17.2061686000
17.2254125000
17.2436732000
17.2628576000
17.2826813000
17.3041786000
17.3256699000
17.3457603000
17.3650737000
17.3844925000
17.4029262000
17.4221539000
17.4417896000
17.4609069000
17.4805722000
17.4986282000
17.5459439000
17.5702161000
17.5901391000
17.6102335000
17.6301402000
17.6511738000
17.6715733000
17.6909123000
17.7101649000
17.7289076000
17.7472459000
17.7655907000
17.7828694000
17.8014149000
17.8191086000
17.8379739000
17.8575073000
17.8750422000
17.8934662000
17.9122538000
17.9302601000
17.9489267000
17.9672865000
17.9860672000
18.0044344000
18.0227654000
18.0404031000
18.0585604000
18.0760353000
18.0939376000
18.1117709000
18.1300311000
18.1488721000
18.1661985000
18.1847713000
18.2027191000
18.2199613000
18.2380833000
18.2555927000
18.2744560000
18.2926331000
18.3106687000
18.3284759000
18.3461045000
18.3641717000
18.3815874000
18.3997824000
18.4172885000
18.4347511000
18.4528516000
18.4704304000
18.4885648000
18.5057377000
18.5241431000
18.5416902000
18.5601803000
18.5791203000
18.5981306000
18.6171530000
18.6371440000
18.6567239000
18.6764608000
18.6955371000
18.7176389000
18.7382886000
18.7585921000
18.7786916000
18.7980314000
18.8183450000
18.8388897000
18.8814760000
18.9092362000
18.9299614000
18.9504288000
18.9701146000
18.9903544000
