0.0203755000
0.0397566000
0.0592039000
0.0791000000
0.0984119000
0.1178250000
0.1378861000
0.1569430000
0.1770346000
0.1977305000
0.2169283000
0.2369546000
0.2559419000
0.2758180000
0.2950566000
0.3141900000
0.3336551000
0.3533205000
0.3729484000
0.3931382000
0.4120524000
0.4315943000
0.4508131000
0.4702264000
0.4887645000
0.5082665000
0.5281379000
0.5472890000
0.5670472000
0.5877790000
0.6067321000
0.6265460000
0.6460854000
0.6660531000
0.7251995000
0.7476440000
0.7681419000
0.7878795000
0.8089127000
0.8290513000
0.8500313000
0.8707346000
0.8910075000
0.9107749000
0.9305304000
0.9504926000
0.9693705000
0.9880163000
1.0079312000
1.0283605000
1.0476681000
1.0674169000
1.0891790000
1.1272297000
1.1565972000
1.1851359000
1.2052709000
1.2244862000
1.2444400000
1.2646128000
1.2833960000
1.3049133000
1.3250182000
1.3442234000
1.3631161000
1.3831457000
1.4031846000
1.4237611000
1.4438044000
1.4636265000
1.4823358000
1.5019037000
1.5220430000
1.5426422000
1.5623190000
1.5816035000
1.6006038000
1.6361807000
1.6563445000
1.6752814000
1.6944532000
1.7147707000
1.7348660000
1.7551385000
1.7742942000
1.7966282000
1.8161537000
1.8349502000
1.8540805000
1.8734595000
1.8949681000
1.9134989000
1.9327571000
1.9533613000
1.9749933000
1.9952877000
2.0147037000
2.0350596000
2.0543515000
2.0734120000
2.1261096000
2.1533742000
2.1740937000
2.1941530000
2.2149310000
2.2350811000
2.2552288000
2.2749668000
2.2939434000
2.3136254000
2.3338461000
2.3529887000
2.3719744000
2.3914724000
2.4111133000
2.4303733000
2.4495100000
2.4679150000
2.4874591000
2.5073414000
2.5268279000
2.5460726000
2.5648729000
2.5837709000
2.6032854000
2.6246914000
2.6445277000
2.6634706000
2.6825610000
2.7030608000
2.7223706000
2.7416165000
2.7604655000
2.7796495000
2.7989637000
2.8185979000
2.8381642000
2.8572437000
2.8795462000
2.8984511000
2.9179742000
2.9399177000
2.9596554000
2.9790799000
2.9993584000
3.0186163000
3.0377400000
3.0570579000
3.0766878000
3.0963675000
3.1163144000
3.1356434000
3.1547479000
3.1739928000
3.1938941000
3.2137551000
3.2333778000
3.2535134000
3.2721770000
3.2920153000
3.3120511000
3.3318892000
3.3515845000
3.3710995000
3.3899144000
3.4096832000
3.4289616000
3.4484800000
3.4671457000
3.4865177000
3.5066351000
3.5258515000
3.5590512000
3.5982691000
3.6265186000
3.6473531000
3.6675805000
3.6876974000
3.7080300000
3.7280229000
3.7479244000
3.7682266000
3.7878135000
3.8069463000
3.8269099000
3.8464865000
3.8665781000
3.8867385000
3.9064227000
3.9257803000
3.9460646000
3.9666517000
3.9864066000
4.0063602000
4.0255809000
4.0443825000
4.0678717000
4.0871490000
4.1068709000
4.1258328000
4.1456030000
4.1652635000
4.1838487000
4.2029046000
4.2283603000
4.2478208000
4.2666160000
4.2857168000
4.3046959000
4.3238951000
4.3423295000
4.3614723000
4.3832024000
4.4027119000
4.4222946000
4.4419974000
4.4608516000
4.4797330000
4.4989693000
4.5178138000
4.5363956000
4.5559581000
4.5762625000
4.5979570000
4.6233801000
4.6421764000
4.6610870000
4.6804926000
4.7002941000
4.7190446000
4.7377073000
4.7569368000
4.7761955000
4.7946353000
4.8132662000
4.8348226000
4.8542259000
4.8737348000
4.8920244000
4.9144228000
4.9330786000
4.9521401000
4.9712312000
4.9894397000
5.0116112000
5.0309074000
5.0495935000
5.0687650000
5.0875725000
5.1056339000
5.1251726000
5.1442065000
5.1624858000
5.2124747000
5.2432436000
5.2634069000
5.2829646000
5.3021281000
5.3207270000
5.3399493000
5.3592269000
5.3777931000
5.3966590000
5.4164544000
5.4365235000
5.4561066000
5.4783231000
5.4977532000
5.5163023000
5.5351151000
5.5546825000
5.5740157000
5.5928142000
5.6127841000
5.6318948000
5.6513270000
5.6703051000
5.6885073000
5.7080734000
5.7284689000
5.7479815000
5.7665241000
5.7850642000
5.8044236000
5.8235880000
5.8444397000
5.8644150000
5.8830569000
5.9025864000
5.9224207000
5.9408574000
5.9602056000
5.9793166000
5.9997450000
6.0192809000
6.0421055000
6.0615838000
6.0811684000
6.1001178000
6.1190725000
6.1389342000
6.1588203000
6.1781137000
6.1969945000
6.2161438000
6.2357305000
6.2553982000
6.2747661000
6.2937000000
6.3130065000
6.3330487000
6.3522568000
6.3717135000
6.3902861000
6.4102055000
6.4299094000
6.4510219000
6.4716043000
6.4912445000
6.5103225000
6.5290432000
6.5485072000
6.5677749000
6.5861128000
6.6046932000
6.6290735000
6.6485210000
6.6715273000
6.7096901000
6.7439709000
6.7662016000
6.7852290000
6.8046637000
6.8239012000
6.8415338000
6.8610062000
6.8805035000
6.8997172000
6.9182856000
6.9378867000
6.9578543000
6.9773307000
6.9969300000
7.0154276000
7.0352247000
7.0553857000
7.0753387000
7.0945533000
7.1139143000
7.1328424000
7.1523847000
7.1739977000
7.1936195000
7.2133987000
7.2322508000
7.2524101000
7.2720000000
7.2914980000
7.3110671000
7.3308440000
7.3495713000
7.3684881000
7.3879781000
7.4070151000
7.4253752000
7.4442306000
7.4639184000
7.4827763000
7.5012014000
7.5205010000
7.5396369000
7.5583080000
7.5766570000
7.5955819000
7.6160238000
7.6347342000
7.6534820000
7.6729080000
7.6943266000
7.7142469000
7.7341968000
7.7533572000
7.7719293000
7.7917345000
7.8112077000
7.8305858000
7.8490126000
7.8685311000
7.8877715000
7.9074322000
7.9265744000
7.9489851000
7.9681003000
7.9906337000
8.0100657000
8.0288241000
8.0485586000
8.0679278000
8.0877328000
8.1097545000
8.1285251000
8.1481186000
8.1676004000
8.2213899000
8.2471206000
8.2658808000
8.2844412000
8.3028382000
8.3212330000
8.3408074000
8.3605059000
8.3823433000
8.4019937000
8.4211267000
8.4393275000
8.4579399000
8.4776832000
8.4962144000
8.5149095000
8.5343744000
8.5532090000
8.5716850000
8.5904737000
8.6097450000
8.6301425000
8.6484463000
8.6667428000
8.6858575000
8.7040405000
8.7228533000
8.7413824000
8.7604305000
8.7790064000
8.7981111000
8.8169740000
8.8350278000
8.8542335000
8.8730176000
8.8912866000
8.9101960000
8.9288441000
8.9473246000
8.9660437000
8.9850651000
9.0035985000
9.0219736000
9.0411639000
9.0601926000
9.0785166000
9.0980205000
9.1166683000
9.1351837000
9.1536094000
9.1728604000
9.1913561000
9.2094231000
9.2281890000
9.2467637000
9.2652314000
9.2843373000
9.3030449000
9.3214770000
9.3400141000
9.3581060000
9.3768861000
9.3960571000
9.4149140000
9.4332060000
9.4518121000
9.4707255000
9.4892628000
9.5078113000
9.5270820000
9.5461536000
9.5645909000
9.5832174000
9.6022507000
9.6225797000
9.6411225000
9.6919176000
9.7163254000
9.7356433000
9.7543352000
9.7726140000
9.7915004000
9.8128020000
9.8323045000
9.8508704000
9.8688700000
9.8875633000
9.9063978000
9.9246407000
9.9438371000
9.9628257000
9.9807213000
9.9993157000
10.0180132000
10.0365451000
10.0550848000
10.0742099000
10.0923101000
10.1107891000
10.1294515000
10.1476820000
10.1666076000
10.1858008000
10.2044128000
10.2226810000
10.2420727000
10.2605252000
10.2796140000
10.2985930000
10.3177545000
10.3362227000
10.3544771000
10.3735030000
10.3924291000
10.4108648000
10.4295737000
10.4480696000
10.4664008000
10.4850731000
10.5040610000
10.5221887000
10.5413630000
10.5603443000
10.5819934000
10.6005400000
10.6195429000
10.6383072000
10.6565421000
10.6781785000
10.6969545000
10.7156566000
10.7345652000
10.7534409000
10.7747465000
10.7932688000
10.8121805000
10.8306884000
10.8487437000
10.8677294000
10.8870501000
10.9072911000
10.9257560000
10.9445990000
10.9635539000
10.9817855000
10.9999177000
11.0187652000
11.0396929000
11.0580458000
11.0766364000
11.0956610000
11.1151423000
11.1339083000
11.1595454000
11.1791872000
11.1980749000
11.2166185000
11.2352754000
11.2544278000
11.2724069000
11.3210945000
11.3469487000
11.3673603000
11.3866852000
11.4068968000
11.4271168000
11.4476638000
11.4685352000
11.4887600000
11.5088693000
11.5297615000
11.5488548000
11.5688086000
11.5883617000
11.6081301000
11.6269114000
11.6459215000
11.6649824000
11.6843970000
11.7031832000
11.7222374000
11.7413539000
11.7611423000
11.7803825000
11.7996900000
11.8189334000
11.8386132000
11.8577775000
11.8770491000
11.8958397000
11.9155132000
11.9347932000
11.9549745000
11.9737280000
11.9923990000
12.0113220000
12.0303524000
12.0496968000
12.0684478000
12.0883916000
12.1088231000
12.1290455000
12.1479986000
12.1667424000
12.1861107000
12.2057374000
12.2249436000
12.2436973000
12.2627117000
12.2823290000
12.3013382000
12.3209908000
12.3402561000
12.3593871000
12.3786215000
12.3980050000
12.4166815000
12.4358710000
12.4550044000
12.4742438000
12.4932652000
12.5125247000
12.5318198000
12.5512401000
12.5703331000
12.5894443000
12.6128685000
12.6324264000
12.6535779000
12.6734791000
12.6927232000
12.7115710000
12.7310840000
12.7500659000
12.8005146000
12.8299461000
12.8520531000
12.8723105000
12.8932533000
12.9138315000
12.9339838000
12.9534645000
12.9735126000
12.9934047000
13.0135288000
13.0334936000
13.0529419000
13.0729368000
13.0922742000
13.1116381000
13.1310624000
13.1509371000
13.1715666000
13.1906848000
13.2104940000
13.2330900000
13.2530399000
13.2732475000
13.2928038000
13.3123538000
13.3322691000
13.3524987000
13.3724189000
13.3925003000
13.4115216000
13.4310260000
13.4509243000
13.4710339000
13.4909729000
13.5107840000
13.5298821000
13.5489769000
13.5688613000
13.5886003000
13.6094833000
13.6298602000
13.6504143000
13.6700255000
13.6898224000
13.7085595000
13.7288396000
13.7487256000
13.7690290000
13.7903262000
13.8113571000
13.8314381000
13.8511853000
13.8709908000
13.8902129000
13.9097630000
13.9293494000
13.9503819000
13.9710119000
13.9912535000
14.0118985000
14.0324760000
14.0520020000
14.0711599000
14.0902316000
14.1094325000
14.1298918000
14.1505678000
14.1705670000
14.1900386000
14.2287628000
14.2659534000
14.2907974000
14.3114118000
14.3333045000
14.3571653000
14.3786140000
14.4002258000
14.4216664000
14.4431786000
14.4638136000
14.4846500000
14.5056250000
14.5267967000
14.5477818000
14.5684005000
14.5879881000
14.6081400000
14.6292315000
14.6505730000
14.6699068000
14.6888912000
14.7078724000
14.7275974000
14.7465122000
14.7650032000
14.7841564000
14.8043168000
14.8244504000
14.8445755000
14.8644483000
14.8843369000
14.9030517000
14.9226162000
14.9419444000
14.9612302000
14.9796373000
14.9988422000
15.0176638000
15.0370578000
15.0553808000
15.0753275000
15.0950680000
15.1141572000
15.1329126000
15.1515609000
15.1711408000
15.1904925000
15.2088052000
15.2281100000
15.2485126000
15.2684824000
15.2883124000
15.3061029000
15.3265824000
15.3469754000
15.3667254000
15.3859914000
15.4048795000
15.4238171000
15.4430966000
15.4626328000
15.4821253000
15.5007559000
15.5198032000
15.5388443000
15.5580802000
15.5768102000
15.5960618000
15.6202952000
15.6392862000
15.6597284000
15.7038300000
15.7365384000
15.7575981000
15.7778128000
15.7988391000
15.8195970000
15.8403741000
15.8603913000
15.8796794000
15.8996946000
15.9193184000
15.9400164000
15.9599313000
15.9795052000
15.9996461000
16.0204965000
16.0404865000
16.0605720000
16.0801939000
16.1005169000
16.1197349000
16.1391409000
16.1590362000
16.1789664000
16.1995491000
16.2207986000
16.2420216000
16.2622841000
16.2822582000
16.3025331000
16.3233204000
16.3435976000
16.3630057000
16.3829344000
16.4024867000
16.4224488000
16.4439699000
16.4642672000
16.4848223000
16.5045086000
16.5248192000
16.5438953000
16.5637800000
16.5833236000
16.6032841000
16.6243549000
16.6442549000
16.6639832000
16.6832498000
16.7024717000
16.7219883000
16.7413828000
16.7611207000
16.7810554000
16.8005001000
16.8201227000
16.8394003000
16.8593783000
16.8790362000
16.8979561000
16.9178279000
16.9371383000
16.9568506000
16.9773574000
16.9971197000
17.0165531000
17.0364080000
17.0559888000
17.0763057000
17.0965656000
17.1158661000
17.1359222000
17.1556203000
17.1754675000
17.1948402000
17.2319912000
17.2732478000
17.2966184000
17.3167769000
17.3371222000
17.3582451000
17.3785215000
17.3991040000
17.4188737000
17.4382947000
17.4580629000
17.4785690000
17.4984487000
17.5182424000
17.5377502000
17.5574775000
17.5773642000
17.5984520000
17.6221789000
17.6421371000
17.6612963000
17.6804165000
17.6997040000
17.7192734000
17.7391864000
17.7579381000
17.7774635000
17.7976668000
17.8169126000
17.8373752000
17.8571403000
17.8762937000
17.8957808000
17.9160745000
17.9363598000
17.9574696000
17.9786683000
17.9983143000
18.0185093000
18.0386033000
18.0590164000
18.0794530000
18.0985620000
18.1180989000
18.1382516000
18.1587257000
18.1787908000
18.1994280000
18.2194548000
18.2395846000
18.2602520000
18.2799153000
18.2995453000
18.3190089000
18.3389163000
18.3595133000
18.3797110000
18.3994490000
18.4201022000
18.4408004000
18.4618675000
18.4812256000
18.4998987000
18.5193870000
18.5386175000
18.5580967000
18.5778696000
18.5966736000
18.6170721000
18.6367863000
18.6562433000
18.6769850000
18.6970933000
18.7164474000
18.7569149000
18.7891617000
18.8100377000
18.8296331000
18.8493260000
18.8698229000
18.8896790000
18.9091765000
18.9286929000
18.9490406000
18.9690510000
18.9890107000
19.0083227000
19.0284138000
19.0518017000
19.0706235000
19.0933760000
19.1127438000
19.1315042000
19.1515300000
19.1703192000
19.1891444000
19.2082585000
19.2271620000
19.2465838000
19.2659763000
19.2846996000
19.3038007000
19.3234634000
19.3458880000
19.3664490000
19.3860637000
19.4052514000
19.4251482000
19.4442733000
19.4638528000
19.4860547000
19.5056678000
19.5258340000
19.5449764000
19.5640100000
19.5826751000
19.6020225000
19.6232508000
19.6439718000
19.6651162000
19.6846155000
19.7037556000
19.7226378000
19.7421845000
19.7614947000
19.7814103000
19.8009534000
19.8192610000
19.8385756000
19.8576682000
19.8772101000
19.8962195000
19.9154748000
19.9353990000
19.9560488000
19.9781829000
19.9975333000
20.0169924000
20.0365160000
20.0548650000
20.0740852000
20.0938316000
20.1142250000
20.1333455000
20.1521627000
20.1715355000
