0.0004210000
0.0003792000
0.0011725000
0.0003655000
0.0003799000
0.0011519000
0.0028519000
0.0006738000
0.0010084000
0.0020480000
0.0003458000
0.0003457000
0.0011068000
0.0035064000
0.0067177000
0.0003928000
0.0003798000
0.0011197000
0.0003913000
0.0005251000
0.0014270000
0.0032883000
0.0006272000
0.0004331000
0.0014592000
0.0004119000
0.0004006000
0.0011808000
0.0030130000
0.0068027000
0.0140446000
0.0003736000
0.0003631000
0.0010848000
0.0003514000
0.0003454000
0.0011656000
0.0030442000
0.0006571000
0.0003622000
0.0014018000
0.0005930000
0.0003562000
0.0014049000
0.0031677000
0.0065913000
0.0003532000
0.0003584000
0.0011086000
0.0003757000
0.0003620000
0.0011023000
0.0026672000
0.0008003000
0.0005294000
0.0017133000
0.0003728000
0.0007388000
0.0028173000
0.0059986000
0.0129966000
0.0274257000
0.0003590000
0.0003881000
0.0011061000
0.0004847000
0.0003568000
0.0012054000
0.0027548000
0.0008858000
0.0004216000
0.0016675000
0.0004583000
0.0003924000
0.0012793000
0.0033431000
0.0065121000
0.0003723000
0.0003666000
0.0010988000
0.0003634000
0.0003698000
0.0010947000
0.0025555000
0.0003851000
0.0010946000
0.0021583000
0.0004035000
0.0003771000
0.0011658000
0.0037865000
0.0068419000
0.0137225000
0.0004165000
0.0003779000
0.0012033000
0.0003671000
0.0003966000
0.0011866000
0.0029200000
0.0004285000
0.0004859000
0.0013109000
0.0003891000
0.0003922000
0.0011816000
0.0032058000
0.0068868000
0.0007987000
0.0004604000
0.0017160000
0.0004755000
0.0003721000
0.0014773000
0.0039647000
0.0013140000
0.0004790000
0.0022351000
0.0003970000
0.0007500000
0.0033321000
0.0076555000
0.0149065000
0.0289815000
0.0567610000
0.0003919000
0.0003506000
0.0011441000
0.0005227000
0.0008457000
0.0017894000
0.0033054000
0.0003808000
0.0003694000
0.0011175000
0.0003760000
0.0003777000
0.0011473000
0.0030326000
0.0067326000
0.0004780000
0.0003567000
0.0011841000
0.0009080000
0.0006157000
0.0019533000
0.0035389000
0.0003854000
0.0003805000
0.0011509000
0.0003403000
0.0005304000
0.0012280000
0.0027316000
0.0066239000
0.0137518000
0.0003559000
0.0003484000
0.0010520000
0.0004739000
0.0005587000
0.0016760000
0.0031562000
0.0004772000
0.0003935000
0.0012361000
0.0003536000
0.0003921000
0.0010857000
0.0026801000
0.0061777000
0.0003460000
0.0003497000
0.0010431000
0.0003397000
0.0003500000
0.0012329000
0.0030084000
0.0005230000
0.0003652000
0.0012515000
0.0003498000
0.0007140000
0.0023599000
0.0057227000
0.0122638000
0.0263676000
0.0003520000
0.0003804000
0.0011575000
0.0004696000
0.0004238000
0.0014072000
0.0030677000
0.0004259000
0.0005426000
0.0013436000
0.0003691000
0.0003572000
0.0011296000
0.0028902000
0.0063588000
0.0005255000
0.0004006000
0.0014360000
0.0004760000
0.0004021000
0.0012801000
0.0032573000
0.0004391000
0.0004541000
0.0012626000
0.0003664000
0.0007304000
0.0023504000
0.0059883000
0.0127426000
0.0006052000
0.0006019000
0.0017521000
0.0004554000
0.0004105000
0.0013631000
0.0034772000
0.0006052000
0.0015039000
0.0026868000
0.0004820000
0.0003944000
0.0012364000
0.0042814000
0.0081485000
0.0003929000
0.0003547000
0.0010984000
0.0003500000
0.0003542000
0.0010552000
0.0026090000
0.0005133000
0.0006129000
0.0015578000
0.0003851000
0.0008466000
0.0027786000
0.0057522000
0.0142552000
0.0273632000
0.0544325000
0.1116142000
0.0003559000
0.0003429000
0.0010900000
0.0003557000
0.0003848000
0.0018184000
0.0034813000
0.0003657000
0.0003798000
0.0011249000
0.0004252000
0.0003776000
0.0011578000
0.0026704000
0.0065373000
0.0003595000
0.0004479000
0.0011529000
0.0003622000
0.0003565000
0.0011162000
0.0028358000
0.0006658000
0.0003910000
0.0014001000
0.0003639000
0.0003444000
0.0010588000
0.0028837000
0.0061226000
0.0130480000
0.0003931000
0.0003546000
0.0010870000
0.0003598000
0.0003478000
0.0010547000
0.0024916000
0.0005375000
0.0006792000
0.0017700000
0.0003999000
0.0003521000
0.0010930000
0.0032080000
0.0060536000
0.0003859000
0.0004066000
0.0011406000
0.0003904000
0.0003502000
0.0011295000
0.0026225000
0.0004252000
0.0005348000
0.0015280000
0.0005547000
0.0009575000
0.0028726000
0.0058767000
0.0122944000
0.0256971000
0.0003745000
0.0003665000
0.0011066000
0.0004590000
0.0003907000
0.0013337000
0.0028503000
0.0004310000
0.0003741000
0.0013659000
0.0006571000
0.0003751000
0.0013976000
0.0031296000
0.0063936000
0.0003941000
0.0003658000
0.0011276000
0.0003681000
0.0004746000
0.0015592000
0.0034226000
0.0004765000
0.0005310000
0.0014399000
0.0005165000
0.0010038000
0.0038495000
0.0081474000
0.0149114000
0.0003449000
0.0003406000
0.0010277000
0.0004202000
0.0003788000
0.0011926000
0.0025704000
0.0004544000
0.0006809000
0.0016946000
0.0005599000
0.0004020000
0.0013686000
0.0034899000
0.0066982000
0.0003888000
0.0003841000
0.0011230000
0.0003596000
0.0005474000
0.0013936000
0.0029269000
0.0009396000
0.0006682000
0.0024422000
0.0003633000
0.0007238000
0.0035145000
0.0068032000
0.0138553000
0.0291164000
0.0552470000
0.0003617000
0.0003610000
0.0010676000
0.0003475000
0.0003641000
0.0012122000
0.0027748000
0.0005747000
0.0004799000
0.0014419000
0.0004439000
0.0003589000
0.0011465000
0.0029542000
0.0060817000
0.0003561000
0.0004330000
0.0012156000
0.0003571000
0.0003407000
0.0010494000
0.0026331000
0.0004197000
0.0010285000
0.0019921000
0.0003818000
0.0003962000
0.0011927000
0.0035691000
0.0065442000
0.0129740000
0.0003452000
0.0003761000
0.0010642000
0.0003598000
0.0003407000
0.0010393000
0.0024528000
0.0003568000
0.0004749000
0.0020247000
0.0008753000
0.0003859000
0.0016302000
0.0040300000
0.0068561000
0.0003711000
0.0003703000
0.0011124000
0.0003746000
0.0003680000
0.0012072000
0.0027016000
0.0007531000
0.0008873000
0.0024416000
0.0003685000
0.0007346000
0.0035464000
0.0067873000
0.0143104000
0.0277914000
0.0005019000
0.0005375000
0.0016105000
0.0005072000
0.0008328000
0.0022450000
0.0047024000
0.0005015000
0.0004958000
0.0014155000
0.0006872000
0.0004418000
0.0019168000
0.0037609000
0.0088391000
0.0007434000
0.0005254000
0.0018326000
0.0005038000
0.0003848000
0.0012933000
0.0035009000
0.0003865000
0.0003852000
0.0012869000
0.0004142000
0.0008964000
0.0025615000
0.0064291000
0.0156337000
0.0005184000
0.0003930000
0.0013194000
0.0008059000
0.0009648000
0.0022938000
0.0039632000
0.0003522000
0.0003356000
0.0010301000
0.0003442000
0.0003506000
0.0010439000
0.0024331000
0.0067447000
0.0003471000
0.0004801000
0.0014860000
0.0013273000
0.0003868000
0.0020625000
0.0039017000
0.0003570000
0.0003393000
0.0010478000
0.0003529000
0.0007019000
0.0021219000
0.0063753000
0.0134655000
0.0295104000
0.0576998000
0.1137565000
0.2260200000
0.0004489000
0.0003622000
0.0011979000
0.0003479000
0.0003418000
0.0010385000
0.0026246000
0.0003403000
0.0003511000
0.0010796000
0.0003846000
0.0003657000
0.0011345000
0.0026015000
0.0058149000
0.0008631000
0.0004073000
0.0016123000
0.0003697000
0.0003468000
0.0010731000
0.0031471000
0.0003568000
0.0003533000
0.0011048000
0.0003520000
0.0003779000
0.0010743000
0.0025270000
0.0060195000
0.0122113000
0.0005273000
0.0007960000
0.0018587000
0.0004011000
0.0003572000
0.0011003000
0.0033113000
0.0003402000
0.0003495000
0.0010391000
0.0003580000
0.0003799000
0.0010918000
0.0024708000
0.0061425000
0.0003449000
0.0003864000
0.0011879000
0.0007390000
0.0004733000
0.0015931000
0.0031196000
0.0003470000
0.0003360000
0.0010342000
0.0003605000
0.0007066000
0.0020991000
0.0056544000
0.0122121000
0.0248148000
0.0003513000
0.0003391000
0.0010452000
0.0003662000
0.0006722000
0.0017011000
0.0031045000
0.0003930000
0.0003843000
0.0011788000
0.0006272000
0.0004052000
0.0014092000
0.0029450000
0.0064325000
0.0003571000
0.0003580000
0.0010698000
0.0003606000
0.0003615000
0.0012786000
0.0034223000
0.0004688000
0.0004101000
0.0012513000
0.0003650000
0.0007213000
0.0023588000
0.0061975000
0.0130151000
0.0003721000
0.0004044000
0.0011587000
0.0003702000
0.0003702000
0.0012632000
0.0032942000
0.0005488000
0.0005480000
0.0015795000
0.0004748000
0.0003620000
0.0012992000
0.0032294000
0.0068807000
0.0003722000
0.0004283000
0.0011469000
0.0003583000
0.0003726000
0.0010967000
0.0027712000
0.0008683000
0.0007328000
0.0019989000
0.0003987000
0.0007774000
0.0031542000
0.0062933000
0.0136270000
0.0270147000
0.0524642000
0.0004230000
0.0003502000
0.0011967000
0.0004206000
0.0009189000
0.0018540000
0.0035384000
0.0003633000
0.0003538000
0.0010644000
0.0003459000
0.0003630000
0.0011232000
0.0025976000
0.0065222000
0.0003569000
0.0003966000
0.0010970000
0.0003473000
0.0003927000
0.0013026000
0.0031019000
0.0004694000
0.0003714000
0.0012009000
0.0004202000
0.0004381000
0.0012327000
0.0027811000
0.0062426000
0.0131191000
0.0003439000
0.0003606000
0.0010447000
0.0003479000
0.0003534000
0.0010482000
0.0025362000
0.0009954000
0.0004068000
0.0017954000
0.0003418000
0.0003439000
0.0010242000
0.0031724000
0.0060573000
0.0003712000
0.0003460000
0.0010721000
0.0003342000
0.0003426000
0.0011252000
0.0025709000
0.0003919000
0.0005583000
0.0015349000
0.0006734000
0.0010247000
0.0029410000
0.0058672000
0.0122701000
0.0257314000
0.0003868000
0.0003832000
0.0011409000
0.0003784000
0.0003617000
0.0011000000
0.0026099000
0.0003639000
0.0003604000
0.0011895000
0.0005615000
0.0005591000
0.0014962000
0.0031552000
0.0061999000
0.0004634000
0.0003552000
0.0012054000
0.0003731000
0.0003657000
0.0011388000
0.0027507000
0.0003898000
0.0003693000
0.0011164000
0.0005024000
0.0009262000
0.0024525000
0.0055915000
0.0122657000
0.0006556000
0.0005225000
0.0016770000
0.0006262000
0.0005075000
0.0017562000
0.0041865000
0.0004810000
0.0004077000
0.0023242000
0.0005608000
0.0004589000
0.0014012000
0.0042841000
0.0088500000
0.0003700000
0.0003693000
0.0011100000
0.0003588000
0.0005084000
0.0013505000
0.0029445000
0.0004868000
0.0007000000
0.0020152000
0.0004240000
0.0008528000
0.0032697000
0.0066189000
0.0158962000
0.0286011000
0.0547247000
0.1075821000
0.0003900000
0.0004762000
0.0013492000
0.0007509000
0.0008440000
0.0022186000
0.0040488000
0.0004217000
0.0003470000
0.0011240000
0.0003604000
0.0003502000
0.0011534000
0.0026234000
0.0070781000
0.0003715000
0.0003888000
0.0011077000
0.0003500000
0.0003773000
0.0012255000
0.0031538000
0.0005088000
0.0005495000
0.0014511000
0.0003923000
0.0003463000
0.0010858000
0.0028888000
0.0063946000
0.0138178000
0.0003450000
0.0003480000
0.0010501000
0.0003556000
0.0003979000
0.0020010000
0.0039964000
0.0004081000
0.0003446000
0.0011054000
0.0003522000
0.0003528000
0.0010928000
0.0025615000
0.0069202000
0.0003530000
0.0003918000
0.0010971000
0.0004132000
0.0003511000
0.0013643000
0.0031473000
0.0004706000
0.0003837000
0.0012527000
0.0003509000
0.0007002000
0.0023013000
0.0058096000
0.0130786000
0.0272787000
0.0003625000
0.0003450000
0.0010564000
0.0003594000
0.0003457000
0.0010617000
0.0025388000
0.0006140000
0.0006000000
0.0016113000
0.0004315000
0.0004417000
0.0012300000
0.0032923000
0.0062171000
0.0003477000
0.0003415000
0.0010287000
0.0003548000
0.0003453000
0.0010417000
0.0024166000
0.0003840000
0.0003515000
0.0015848000
0.0063295000
0.0090058000
0.0124701000
0.0158123000
0.0228145000
0.0011626000
0.0010028000
0.0030665000
0.0007932000
0.0008138000
0.0028860000
0.0067844000
0.0009468000
0.0010027000
0.0029105000
0.0010745000
0.0007719000
0.0028055000
0.0067370000
0.0154269000
0.0009022000
0.0007698000
0.0025216000
0.0008253000
0.0008328000
0.0045476000
0.0076925000
0.0004327000
0.0003893000
0.0012538000
0.0003982000
0.0008143000
0.0025923000
0.0109872000
0.0272300000
0.0508162000
0.0788305000
0.0007383000
0.0005138000
0.0016738000
0.0004034000
0.0004088000
0.0012179000
0.0033275000
0.0004141000
0.0004105000
0.0014294000
0.0004655000
0.0004285000
0.0013188000
0.0033131000
0.0072623000
0.0006013000
0.0004997000
0.0016048000
0.0004619000
0.0004531000
0.0013154000
0.0033685000
0.0005600000
0.0006840000
0.0020284000
0.0008606000
0.0017846000
0.0034843000
0.0065915000
0.0108423000
0.0189011000
0.0007811000
0.0007612000
0.0021934000
0.0004166000
0.0005123000
0.0017000000
0.0048238000
0.0005140000
0.0004340000
0.0013645000
0.0003914000
0.0003957000
0.0011779000
0.0029331000
0.0081465000
0.0004690000
0.0004154000
0.0014033000
0.0004098000
0.0003994000
0.0012023000
0.0029977000
0.0005086000
0.0004792000
0.0015326000
0.0003841000
0.0007749000
0.0027590000
0.0063238000
0.0148980000
0.0342628000
0.0004919000
0.0006273000
0.0015637000
0.0003819000
0.0003901000
0.0011623000
0.0031133000
0.0003850000
0.0004145000
0.0012199000
0.0003931000
0.0004852000
0.0014104000
0.0031466000
0.0067922000
0.0006766000
0.0004909000
0.0016389000
0.0005694000
0.0005139000
0.0015576000
0.0037460000
0.0004313000
0.0004093000
0.0012978000
0.0003925000
0.0007965000
0.0024769000
0.0067706000
0.0142820000
0.0006495000
0.0004211000
0.0015737000
0.0004646000
0.0004234000
0.0012880000
0.0032846000
0.0003919000
0.0004149000
0.0015518000
0.0004188000
0.0003931000
0.0012191000
0.0032518000
0.0072421000
0.0005469000
0.0004779000
0.0015732000
0.0006396000
0.0006660000
0.0021268000
0.0045455000
0.0004882000
0.0005131000
0.0013824000
0.0005621000
0.0013175000
0.0035737000
0.0085789000
0.0162520000
0.0309786000
0.0656425000
0.1448511000
0.2528559000
0.4792980000
