0.0000051000
0.0000073000
0.0000049000
0.0000021000
0.0000013000
0.0000011000
0.0000016000
0.0000009000
0.0000003000
0.0000003000
0.0000002000
0.0000001000
0.0000001000
0.0000003000
0.0000001000
0.0000001000
0.0000004000
0.0000006000
0.0000001000
0.0000001000
0.0000000000
0.0000002000
0.0000003000
0.0000000000
0.0000004000
0.0000001000
0.0000001000
0.0000049000
0.0000001000
0.0000001000
0.0000001000
0.0000002000
0.0000000000
0.0000001000
0.0000000000
0.0000007000
0.0000012000
0.0000002000
0.0000001000
0.0000005000
0.0000002000
0.0000001000
0.0000002000
0.0000001000
0.0000001000
0.0000000000
0.0000018000
0.0000012000
0.0000000000
0.0000048000
0.0000020000
0.0000018000
0.0000001000
0.0000000000
0.0000000000
0.0000000000
0.0000002000
0.0000006000
0.0000002000
0.0000001000
0.0000006000
0.0000001000
0.0000001000
0.0000000000
0.0000000000
0.0000001000
0.0000001000
0.0000013000
0.0000009000
0.0000004000
0.0000008000
0.0000002000
0.0000000000
0.0000000000
0.0000000000
0.0000006000
0.0000002000
0.0000002000
0.0000001000
0.0000001000
0.0000001000
0.0000001000
0.0000001000
0.0000010000
0.0000000000
0.0000003000
0.0000001000
0.0000000000
0.0000010000
0.0000001000
0.0000000000
0.0000000000
0.0000000000
0.0000002000
0.0000000000
0.0000004000
0.0000002000
0.0000000000
0.0000001000
0.0000001000
0.0000001000
0.0000003000
0.0000001000
0.0000001000
0.0000000000
0.0000003000
0.0000000000
0.0000000000
0.0000015000
0.0000007000
0.0000005000
0.0000002000
0.0000032000
0.0000015000
0.0000008000
0.0000005000
0.0000001000
0.0000001000
0.0000008000
0.0000004000
0.0000001000
0.0000000000
0.0000017000
0.0000008000
0.0000004000
0.0000011000
0.0000002000
0.0000000000
0.0000000000
0.0000001000
0.0000006000
0.0000002000
0.0000002000
0.0000001000
0.0000000000
0.0000000000
0.0000002000
0.0000000000
0.0000003000
0.0000001000
0.0000001000
0.0000002000
0.0000004000
0.0000001000
0.0000001000
0.0000001000
0.0000001000
0.0000003000
0.0000000000
0.0000008000
0.0000001000
0.0000001000
0.0000002000
0.0000000000
0.0000002000
0.0000003000
0.0000001000
0.0000001000
0.0000000000
0.0000000000
0.0000000000
0.0000003000
0.0000001000
0.0000000000
0.0000002000
0.0000000000
0.0000040000
0.0000012000
0.0000001000
0.0000003000
0.0000002000
0.0000001000
0.0000001000
0.0000004000
0.0000001000
0.0000000000
0.0000007000
0.0000002000
0.0000001000
0.0000001000
0.0000009000
0.0000001000
0.0000001000
0.0000000000
0.0000001000
0.0000001000
0.0000002000
0.0000002000
0.0000001000
0.0000001000
0.0000003000
0.0000022000
0.0000009000
0.0000002000
0.0000002000
0.0000001000
0.0000001000
0.0000000000
0.0000003000
0.0000001000
0.0000004000
0.0000001000
0.0000003000
0.0000001000
0.0000001000
0.0000000000
0.0000000000
0.0000000000
0.0000013000
0.0000004000
0.0000004000
0.0000002000
0.0000000000
0.0000015000
0.0000008000
0.0000004000
0.0000001000
0.0000000000
0.0000000000
0.0000004000
0.0000001000
0.0000001000
0.0000001000
0.0000003000
0.0000001000
0.0000001000
0.0000003000
0.0000000000
0.0000001000
0.0000004000
0.0000001000
0.0000002000
0.0000000000
0.0000003000
0.0000003000
0.0000001000
0.0000000000
0.0000001000
0.0000001000
0.0000002000
0.0000001000
0.0000001000
0.0000007000
0.0000002000
0.0000002000
0.0000000000
0.0000001000
0.0000001000
0.0000003000
0.0000001000
0.0000000000
0.0000003000
0.0000001000
0.0000001000
0.0000001000
0.0000003000
0.0000001000
0.0000001000
0.0000012000
0.0000005000
0.0000002000
0.0000004000
0.0000001000
0.0000001000
0.0000000000
0.0000002000
0.0000000000
0.0000001000
0.0000001000
0.0000008000
0.0000001000
0.0000001000
0.0000000000
0.0000001000
0.0000003000
0.0000005000
0.0000001000
0.0000001000
0.0000000000
0.0000003000
0.0000001000
0.0000001000
0.0000000000
0.0000008000
0.0000003000
0.0000001000
0.0000001000
0.0000000000
0.0000000000
0.0000003000
0.0000002000
0.0000001000
0.0000001000
0.0000001000
0.0000004000
0.0000002000
0.0000002000
0.0000001000
0.0000000000
0.0000001000
0.0000003000
0.0000006000
0.0000003000
0.0000002000
0.0000001000
0.0000001000
0.0000000000
0.0000003000
0.0000000000
0.0000002000
0.0000000000
0.0000001000
0.0000002000
0.0000006000
0.0000005000
0.0000001000
0.0000003000
0.0000001000
0.0000001000
0.0000742000
0.0000001000
0.0000003000
0.0000000000
0.0000000000
0.0000003000
0.0000001000
0.0000003000
0.0000000000
0.0000007000
0.0000003000
0.0000003000
0.0000002000
0.0000002000
0.0000002000
0.0000001000
0.0000001000
0.0000001000
0.0000004000
0.0000001000
0.0000001000
0.0000000000
0.0000000000
0.0000003000
0.0000001000
0.0000000000
0.0000000000
0.0000000000
0.0000002000
0.0000003000
0.0000000000
0.0000000000
0.0000002000
0.0000001000
0.0000000000
0.0000005000
0.0000001000
0.0000001000
0.0000000000
0.0000000000
0.0000002000
0.0000006000
0.0000001000
0.0000001000
0.0000001000
0.0000000000
0.0000007000
0.0000001000
0.0000001000
0.0000002000
0.0000001000
0.0000001000
0.0000001000
0.0000000000
0.0000000000
0.0000002000
0.0000000000
0.0000010000
0.0000003000
0.0000001000
0.0000000000
0.0000000000
0.0000003000
0.0000001000
0.0000000000
0.0000002000
0.0000001000
0.0000002000
0.0000000000
0.0000005000
0.0000001000
0.0000001000
0.0000000000
0.0000000000
0.0000005000
0.0000001000
0.0000003000
0.0000001000
0.0000003000
0.0000001000
0.0000001000
0.0000001000
0.0000002000
0.0000000000
0.0000000000
0.0000013000
0.0000003000
0.0000000000
0.0000001000
0.0000000000
0.0000003000
0.0000001000
0.0000004000
0.0000001000
0.0000002000
0.0000001000
0.0000000000
0.0000000000
0.0000018000
0.0000001000
0.0000000000
0.0000004000
0.0000005000
0.0000000000
0.0000004000
0.0000099000
0.0000001000
0.0000001000
0.0000001000
0.0000001000
0.0000001000
0.0000003000
0.0000000000
0.0000001000
0.0000004000
0.0000001000
0.0000000000
0.0000026000
0.0000004000
0.0000003000
0.0000001000
0.0000001000
0.0000001000
0.0000009000
0.0000002000
0.0000001000
0.0000001000
0.0000001000
0.0000001000
0.0000003000
0.0000004000
0.0000017000
0.0000019000
0.0000023000
0.0000012000
0.0000008000
0.0000005000
0.0000002000
0.0000001000
0.0000002000
0.0000001000
0.0000001000
0.0000001000
0.0000003000
0.0000000000
0.0000000000
0.0000002000
0.0000000000
0.0000000000
0.0000018000
0.0000003000
0.0000002000
0.0000001000
0.0000001000
0.0000001000
0.0000001000
0.0000002000
0.0000005000
0.0000000000
0.0000000000
0.0000002000
0.0000002000
0.0000001000
0.0000000000
0.0000000000
0.0000005000
0.0000002000
0.0000001000
0.0000001000
0.0000002000
0.0000005000
0.0000002000
0.0000001000
0.0000000000
0.0000000000
0.0000001000
0.0000002000
0.0000001000
0.0000003000
0.0000001000
0.0000000000
0.0000001000
0.0000001000
0.0000001000
0.0000001000
0.0000001000
0.0000002000
0.0000000000
0.0000001000
0.0000001000
0.0000001000
0.0000002000
0.0000000000
0.0000000000
0.0000002000
0.0000004000
0.0000007000
0.0000004000
0.0000003000
0.0000001000
0.0000001000
0.0000002000
0.0000001000
0.0000000000
0.0000001000
0.0000004000
0.0000001000
0.0000001000
0.0000000000
0.0000000000
0.0000002000
0.0000008000
0.0000001000
0.0000001000
0.0000008000
0.0000001000
0.0000001000
0.0000001000
0.0000001000
0.0000000000
0.0000003000
0.0000001000
0.0000001000
0.0000001000
0.0000004000
0.0000001000
0.0000002000
0.0000001000
0.0000001000
0.0000001000
0.0000000000
0.0000002000
0.0000001000
0.0000001000
0.0000014000
0.0000006000
0.0000001000
0.0000002000
0.0000001000
0.0000001000
0.0000001000
0.0000001000
0.0000001000
0.0000002000
0.0000002000
0.0000001000
0.0000002000
0.0000005000
0.0000001000
0.0000000000
0.0000000000
0.0000004000
0.0000001000
0.0000001000
0.0000002000
0.0000000000
0.0000006000
0.0000003000
0.0000002000
0.0000001000
0.0000002000
0.0000001000
0.0000001000
0.0000000000
0.0000000000
0.0000000000
0.0000001000
0.0000001000
0.0000009000
0.0000003000
0.0000002000
0.0000000000
0.0000005000
0.0000002000
0.0000001000
0.0000001000
0.0000001000
0.0000001000
0.0000001000
0.0000028000
0.0000008000
0.0000004000
0.0000002000
0.0000002000
0.0000001000
0.0000002000
0.0000001000
0.0000000000
0.0000003000
0.0000001000
0.0000005000
0.0000000000
0.0000013000
0.0000006000
0.0000003000
0.0000002000
0.0000002000
0.0000001000
0.0000001000
0.0000002000
0.0000000000
0.0000001000
0.0000001000
0.0000013000
0.0000007000
0.0000007000
0.0000004000
0.0000001000
0.0000001000
0.0000001000
0.0000001000
0.0000011000
0.0000002000
0.0000000000
0.0000031000
0.0000013000
0.0000015000
0.0000009000
0.0000005000
0.0000007000
0.0000001000
0.0000012000
0.0000017000
0.0000012000
0.0000005000
0.0000013000
0.0000015000
0.0000012000
0.0000005000
0.0000005000
0.0000004000
0.0000001000
0.0000000000
0.0000030000
0.0000012000
0.0000006000
0.0000004000
0.0000008000
0.0000001000
0.0000001000
0.0000000000
0.0000000000
0.0000016000
0.0000008000
0.0000004000
0.0000004000
