0.0000573000
0.0246941000
0.0456133000
0.0645869000
0.0837218000
0.1023856000
0.1216013000
0.1411336000
0.1631307000
0.1820879000
0.2037186000
0.2224658000
0.2403821000
0.2587327000
0.2771796000
0.2978267000
0.3168277000
0.3366940000
0.3558821000
0.3984615000
0.4243934000
0.4436930000
0.4634269000
0.4825272000
0.5031234000
0.5241931000
0.5425148000
0.5606643000
0.5788918000
0.5976209000
0.6155747000
0.6340857000
0.6534052000
0.6711818000
0.6899861000
0.7088162000
0.7263445000
0.7448978000
0.7630947000
0.7810594000
0.7998356000
0.8177626000
0.8363531000
0.8570296000
0.8759040000
0.8939508000
0.9127363000
0.9332134000
0.9526924000
0.9728033000
0.9930576000
1.0108433000
1.0295248000
1.0472831000
1.0685245000
1.0881612000
1.1076472000
1.1257100000
1.1442137000
1.1627533000
1.1814960000
1.1995561000
1.2178833000
1.2369530000
1.2553865000
1.2737839000
1.2922390000
1.3102832000
1.3289597000
1.3476189000
1.3681325000
1.3859322000
1.4047613000
1.4229985000
1.4407728000
1.4596200000
1.4780262000
1.4964611000
1.5151140000
1.5356024000
1.5535007000
1.5718222000
1.5902601000
1.6081428000
1.6265148000
1.6467186000
1.6650111000
1.6839478000
1.7303694000
1.7503697000
1.7692437000
1.7879863000
1.8072488000
1.8265824000
1.8460749000
1.8649021000
1.8835566000
1.9019856000
1.9200368000
1.9383255000
1.9566132000
1.9753404000
1.9935276000
2.0121370000
2.0301251000
2.0491917000
2.0678827000
2.0870088000
2.1064068000
2.1248773000
2.1426429000
2.1610272000
2.1793869000
2.1977758000
2.2160822000
2.2339890000
2.2524802000
2.2706531000
2.2883693000
2.3072777000
2.3256141000
2.3441883000
2.3622187000
2.3821218000
2.4013801000
2.4193971000
2.4379274000
2.4555147000
2.4737851000
2.4924912000
2.5107285000
2.5289162000
2.5470870000
2.5652988000
2.5838794000
2.6019839000
2.6204486000
2.6392365000
2.6570725000
2.6758778000
2.6943680000
2.7143933000
2.7325810000
2.7512494000
2.7695057000
2.7885137000
2.8069807000
2.8254942000
2.8433935000
2.8617783000
2.8797852000
2.8983572000
2.9163664000
2.9347250000
2.9536814000
3.0028762000
3.0289144000
3.0514015000
3.0718019000
3.0920901000
3.1112510000
3.1300703000
3.1484256000
3.1668339000
3.1854639000
3.2034300000
3.2212878000
3.2393712000
3.2580475000
3.2764025000
3.2946347000
3.3143910000
3.3325673000
3.3506947000
3.3714776000
3.3902306000
3.4081847000
3.4293708000
3.4479618000
3.4662020000
3.4847005000
3.5030406000
3.5218318000
3.5403689000
3.5584592000
3.5775065000
3.5959894000
3.6157173000
3.6371950000
3.6572721000
3.6788932000
3.6978641000
3.7211920000
3.7409648000
3.7603320000
3.7812509000
3.8015500000
3.8223564000
3.8425584000
3.8615280000
3.8808773000
3.8991838000
3.9185049000
3.9377849000
3.9587253000
3.9795845000
4.0004476000
4.0220731000
4.0420289000
4.0658813000
4.0855286000
4.1125855000
4.1458411000
4.1769329000
4.2248743000
4.2505174000
4.2701257000
4.2891760000
4.3132442000
4.3338033000
4.3530288000
4.3725461000
4.3920820000
4.4143671000
4.4341060000
4.4553846000
4.4782129000
4.5006297000
4.5207697000
4.5410036000
4.5632445000
4.5853013000
4.6079466000
4.6273260000
4.6471158000
4.6679099000
4.6869753000
4.7063732000
4.7258949000
4.7459341000
4.7648803000
4.7854434000
4.8036166000
4.8221953000
4.8411377000
4.8600518000
4.8786603000
4.8984243000
4.9183401000
4.9406553000
4.9601744000
4.9784761000
4.9963840000
5.0150713000
5.0335977000
5.0514681000
5.0702641000
5.0883646000
5.1065420000
5.1252679000
5.1433521000
5.1621787000
5.1829526000
5.2004705000
5.2172317000
5.2349426000
5.2519752000
5.2688578000
5.2856562000
5.3022584000
5.3219087000
5.3386512000
5.3548171000
5.3714341000
5.3877308000
5.4038250000
5.4202037000
5.4365020000
5.4539096000
5.4704932000
5.4864988000
5.5025545000
5.5189804000
5.5351535000
5.5516187000
5.5680323000
5.5842570000
5.6004027000
5.6169427000
5.6331325000
5.6503127000
5.6678901000
5.6858861000
5.7041351000
5.7215361000
5.7396321000
5.7578496000
5.8006647000
5.8260458000
5.8460920000
5.8665572000
5.8865963000
5.9054402000
5.9230250000
5.9421320000
5.9604879000
5.9786669000
5.9975913000
6.0154685000
6.0349540000
6.0526399000
6.0719311000
6.0914440000
6.1097978000
6.1294393000
6.1483120000
6.1666851000
6.1848418000
6.2030762000
6.2216427000
6.2401994000
6.2588783000
6.2766361000
6.2944087000
6.3121433000
6.3308119000
6.3510674000
6.3714222000
6.3897828000
6.4093503000
6.4291976000
6.4486865000
6.4660409000
6.4829158000
6.5013238000
6.5177730000
6.5339683000
6.5500217000
6.5659239000
6.5821002000
6.6011797000
6.6197642000
6.6385350000
6.6578706000
6.6762119000
6.6954764000
6.7143614000
6.7328170000
6.7526583000
6.7725305000
6.7906727000
6.8098600000
6.8277372000
6.8463366000
6.8651354000
6.8832065000
6.9009078000
6.9182395000
6.9354093000
6.9533664000
6.9709440000
6.9886554000
7.0057897000
7.0225199000
7.0388612000
7.0546682000
7.1015234000
7.1253472000
7.1447563000
7.1640659000
7.1827116000
7.2009683000
7.2183071000
7.2358340000
7.2530578000
7.2704178000
7.2879030000
7.3065300000
7.3237558000
7.3407241000
7.3579733000
7.3746607000
7.3994385000
7.4205934000
7.4408100000
7.4610015000
7.4800009000
7.5003191000
7.5203962000
7.5391805000
7.5578287000
7.5771275000
7.5961463000
7.6148613000
7.6349983000
7.6559582000
7.6849690000
7.7103712000
7.7323622000
7.7580460000
7.7789654000
7.7997003000
7.8199711000
7.8404968000
7.8612512000
7.9006967000
7.9298363000
7.9497415000
7.9686577000
7.9881503000
8.0059989000
8.0243576000
8.0421034000
8.0594114000
8.0774488000
8.0962451000
8.1145428000
8.1325816000
8.1497210000
8.1673588000
8.1852807000
8.2030254000
8.2212508000
8.2386726000
8.2572500000
8.2769642000
8.2944155000
8.3142118000
8.3331168000
8.3534249000
8.3709730000
8.3891752000
8.4085737000
8.4266040000
8.4454975000
8.4637883000
8.4831097000
8.5016249000
8.5204941000
8.5383077000
8.5581516000
8.5783718000
8.5994646000
8.6199957000
8.6409567000
8.6619141000
8.6828031000
8.7008020000
8.7180738000
8.7364396000
8.7535186000
8.7712636000
8.7893963000
8.8081735000
8.8294872000
8.8499317000
8.8688812000
8.8872554000
8.9050872000
8.9239397000
8.9425572000
8.9601476000
8.9787901000
8.9985216000
9.0188299000
9.0363807000
9.0550057000
9.0728861000
9.0919633000
9.1103867000
9.1284767000
9.1482666000
9.1666954000
9.1842675000
9.2032042000
9.2222149000
9.2394942000
9.2571249000
9.2742092000
9.2943766000
9.3128094000
9.3317176000
9.3500662000
9.3677031000
9.3850040000
9.4027499000
9.4198493000
9.4377530000
9.4553656000
9.4729647000
9.4907876000
9.5084572000
9.5260716000
9.5432860000
9.5612058000
9.5782244000
9.5985275000
9.6163734000
9.6340325000
9.6524971000
9.6695803000
9.6875566000
9.7048264000
9.7222551000
9.7394618000
9.7572845000
9.7747724000
9.7919567000
9.8099051000
9.8272103000
9.8446320000
9.8618371000
9.8795168000
9.8967243000
9.9141546000
9.9315696000
9.9519613000
9.9696105000
9.9869592000
10.0046603000
10.0221176000
10.0401668000
10.0575408000
10.0757863000
10.0931262000
10.1106283000
10.1279553000
10.1452715000
10.1628988000
10.1807534000
10.1978854000
10.2155043000
10.2323204000
10.2498713000
10.2669272000
10.2854955000
10.3042265000
10.3229578000
10.3411009000
10.3591258000
10.3768259000
10.3943536000
10.4118816000
10.4298642000
10.4500518000
10.4706817000
10.4875443000
10.5068330000
10.5265021000
10.5437165000
10.5619478000
10.5792658000
10.5967109000
10.6180745000
10.6359557000
10.6538179000
10.6714374000
10.6885061000
10.7062116000
10.7235571000
10.7413074000
10.7581242000
10.7758757000
10.7929272000
10.8104213000
10.8273272000
10.8475654000
10.8643788000
10.8813074000
10.8988154000
10.9161888000
10.9335449000
10.9513538000
10.9690081000
10.9871155000
11.0053629000
11.0225945000
11.0425755000
11.0605388000
11.0777419000
11.0951454000
11.1121791000
11.1295938000
11.1468913000
11.1662328000
11.1847602000
11.2052661000
11.2227002000
11.2403624000
11.2574216000
11.2779802000
11.2961770000
11.3147156000
11.3325412000
11.3500287000
11.3757546000
11.3979117000
11.4176278000
11.4358884000
11.4528215000
11.4701999000
11.4874048000
11.5066967000
11.5239648000
11.5414760000
11.5587604000
11.5763482000
11.5936778000
11.6117359000
11.6512891000
11.6800896000
11.7009126000
11.7231435000
11.7437718000
11.7639421000
11.7847711000
11.8047752000
11.8251275000
11.8436038000
11.8616130000
11.8805226000
11.8983506000
11.9179942000
11.9364215000
11.9555017000
11.9754316000
11.9953621000
12.0224623000
12.0423657000
12.0613759000
12.0799577000
12.0983057000
12.1170873000
12.1355046000
12.1538460000
12.1725228000
12.1902049000
12.2086964000
12.2269679000
12.2465440000
12.2643575000
12.2823797000
12.3017741000
12.3205048000
12.3387296000
12.3560000000
12.3752990000
12.3926108000
12.4107668000
12.4288364000
12.4467804000
12.4649378000
12.4825580000
12.5007411000
12.5189115000
12.5358904000
12.5537212000
12.5706677000
12.5901979000
12.6072310000
12.6249038000
12.6424620000
12.6599042000
12.6775822000
12.6996248000
12.7187196000
12.7369057000
12.7552201000
12.7720603000
12.8212745000
12.8417327000
12.8620749000
12.8813082000
12.9007124000
12.9204800000
12.9392499000
12.9581333000
12.9769204000
12.9956467000
13.0141325000
13.0322692000
13.0501576000
13.0684317000
13.0862971000
13.1040285000
13.1209944000
13.1385719000
13.1553524000
13.1726760000
13.1896760000
13.2076698000
13.2247422000
13.2425380000
13.2596993000
13.2783190000
13.2969039000
13.3151315000
13.3330539000
13.3502608000
13.3677959000
13.3860997000
13.4034184000
13.4209361000
13.4379908000
13.4559515000
13.4731531000
13.4912650000
13.5083804000
13.5267189000
13.5442569000
13.5627303000
13.5820989000
13.6026453000
13.6212877000
13.6412289000
13.6603149000
13.6796039000
13.7014806000
13.7222267000
13.7427189000
13.7638379000
13.7843635000
13.8052375000
13.8238326000
13.8407655000
13.8577587000
13.8758375000
13.8933030000
13.9104621000
13.9277548000
13.9448495000
13.9627404000
13.9795683000
13.9974556000
14.0152060000
14.0326401000
14.0493227000
14.0670885000
14.0838129000
14.1021342000
14.1198677000
14.1377481000
14.1780705000
14.2018252000
14.2217418000
14.2412981000
14.2605895000
14.2792570000
14.2983436000
14.3171613000
14.3356899000
14.3541867000
14.3714612000
14.3881259000
14.4058892000
14.4235357000
14.4410751000
14.4588105000
14.4756400000
14.4927831000
14.5105279000
14.5282449000
14.5452790000
14.5620666000
14.5790435000
14.5970099000
14.6138266000
14.6311367000
14.6488052000
14.6670551000
14.6837165000
14.7013037000
14.7188812000
14.7368126000
14.7534312000
14.7706599000
14.7885845000
14.8068451000
14.8244580000
14.8412950000
14.8587450000
14.8753161000
14.8923622000
14.9096763000
14.9272093000
14.9443988000
14.9615882000
14.9794605000
14.9973704000
15.0149406000
15.0327428000
15.0498474000
15.0671299000
15.0842630000
15.1020472000
15.1189046000
15.1358821000
15.1544256000
15.1718084000
15.1887228000
15.2064579000
15.2233915000
15.2411349000
15.2581918000
15.2757050000
15.2937720000
15.3128353000
15.3305040000
15.3551288000
15.3743477000
15.3923613000
15.4100069000
15.4292653000
15.4695683000
15.4936413000
15.5130638000
15.5361683000
15.5561791000
15.5761181000
15.5962403000
15.6160904000
15.6333328000
15.6518869000
15.6691330000
15.6868853000
15.7039690000
15.7217559000
15.7390734000
15.7563608000
15.7731044000
15.7905608000
15.8105256000
15.8276140000
15.8457639000
15.8636139000
15.8820333000
15.9010285000
15.9221045000
15.9398732000
15.9582512000
15.9755912000
15.9937034000
16.0117465000
16.0294459000
16.0475250000
16.0656064000
16.0882894000
16.1060501000
16.1241979000
16.1423286000
16.1608538000
16.1788763000
16.1968817000
16.2152487000
16.2341461000
16.2516576000
16.2705612000
16.2893589000
16.3075108000
16.3262373000
16.3443798000
16.3618151000
16.3799994000
16.3979573000
16.4155672000
16.4330608000
16.4509711000
16.4690661000
16.4862576000
16.5044932000
16.5226061000
16.5407953000
16.5577912000
16.5753579000
16.5925563000
16.6101808000
16.6281433000
16.6486559000
16.6673024000
16.6852469000
16.7037800000
16.7221287000
16.7438516000
16.7618151000
16.7787303000
16.7966003000
16.8137827000
16.8318533000
16.8791950000
16.9071047000
16.9276202000
16.9472113000
16.9670406000
16.9870873000
17.0072563000
17.0300859000
17.0491492000
17.0679641000
17.0854627000
17.1035579000
17.1209428000
17.1392428000
17.1580201000
17.1753586000
17.1936942000
17.2130599000
17.2333970000
17.2510515000
17.2690568000
17.2872956000
17.3054128000
17.3233355000
17.3445245000
17.3625252000
17.3813725000
17.3993712000
17.4167169000
17.4346177000
17.4515475000
17.4697126000
17.4913515000
17.5091445000
17.5276363000
17.5451850000
17.5624207000
17.5802555000
17.6001758000
17.6177780000
17.6357446000
17.6544771000
17.6733233000
17.6916523000
17.7097239000
17.7276766000
17.7448305000
17.7622517000
17.7793053000
17.7973010000
17.8147195000
17.8323337000
17.8494286000
17.8670554000
17.8845323000
17.9024801000
17.9203888000
17.9381087000
17.9568737000
17.9743966000
17.9987048000
18.0252378000
18.0431459000
18.0615479000
18.0786064000
18.0963954000
18.1157147000
18.1494462000
18.1841138000
18.2044516000
18.2240766000
18.2449271000
18.2646627000
18.2834258000
18.3018793000
18.3218468000
18.3399072000
18.3576383000
18.3749249000
18.3930410000
18.4106369000
18.4289397000
18.4463970000
18.4638005000
18.4808834000
18.4993195000
18.5164581000
18.5343525000
18.5519105000
18.5692616000
18.5871859000
18.6045991000
18.6227696000
18.6402257000
18.6583977000
18.6757823000
18.6935395000
18.7121231000
18.7294965000
18.7481380000
18.7692370000
18.7881042000
18.8076477000
18.8288228000
18.8512242000
18.8734298000
18.8984382000
18.9222591000
18.9462819000
18.9691461000
18.9924915000
